CONFIG
SECURITYMAXNORM: 1;
END;
INPUT
function f0, f1, f2, f3, f4, f5, f6, f7;
variable_group x0, x1, x2, x3, x4, x5, x6, x7;
f0 = -0.005648543811091493*x0^0*x1^0*x2^0*x3^0*x4^0*x5^0*x6^0*x7^0 + 0.25598490263034507*x0^0*x1^2*x2^0*x3^1*x4^1*x5^0*x6^1*x7^0 + 0.11782813527828451*x0^1*x1^1*x2^2*x3^0*x4^0*x5^0*x6^0*x7^0 + -0.10304539289731686*x0^0*x1^0*x2^1*x3^1*x4^0*x5^1*x6^1*x7^0;
f1 = 0.11896875357084294*x0^0*x1^0*x2^0*x3^0*x4^0*x5^0*x6^0*x7^0 + 2.349416125281837*x0^0*x1^0*x2^1*x3^2*x4^0*x5^0*x6^1*x7^1 + -0.4282539784040572*x0^0*x1^0*x2^0*x3^1*x4^0*x5^0*x6^0*x7^1 + -0.8651246302201088*x0^0*x1^0*x2^0*x3^0*x4^1*x5^0*x6^0*x7^0;
f2 = 0.059186192384571054*x0^0*x1^0*x2^0*x3^0*x4^0*x5^0*x6^0*x7^0 + -0.4487485840091213*x0^0*x1^1*x2^0*x3^0*x4^0*x5^1*x6^1*x7^2 + 0.5829652179073281*x0^0*x1^0*x2^0*x3^1*x4^1*x5^1*x6^0*x7^2 + 0.9293508048769927*x0^0*x1^1*x2^0*x3^0*x4^0*x5^1*x6^0*x7^0;
f3 = 0.15759730544406805*x0^0*x1^0*x2^0*x3^0*x4^0*x5^0*x6^0*x7^0 + -0.01046177906983961*x0^0*x1^0*x2^0*x3^3*x4^0*x5^0*x6^0*x7^2 + 0.33152131582290795*x0^0*x1^1*x2^1*x3^0*x4^1*x5^0*x6^0*x7^0 + -2.6387282551601836*x0^1*x1^0*x2^0*x3^1*x4^0*x5^0*x6^2*x7^0;
f4 = 0.10187492964379552*x0^0*x1^0*x2^0*x3^0*x4^0*x5^0*x6^0*x7^0 + -0.650916612739569*x0^1*x1^0*x2^1*x3^1*x4^1*x5^1*x6^0*x7^0 + 1.0559644269640553*x0^0*x1^1*x2^0*x3^0*x4^0*x5^0*x6^1*x7^0 + 0.4630407110329685*x0^0*x1^0*x2^0*x3^1*x4^0*x5^0*x6^0*x7^0;
f5 = 0.018171912104048785*x0^0*x1^0*x2^0*x3^0*x4^0*x5^0*x6^0*x7^0 + 0.7785193267370195*x0^1*x1^1*x2^1*x3^0*x4^0*x5^1*x6^1*x7^0 + 0.5088093660501498*x0^1*x1^2*x2^0*x3^2*x4^0*x5^0*x6^0*x7^0 + 1.0209573546927946*x0^0*x1^0*x2^0*x3^0*x4^0*x5^1*x6^2*x7^0;
f6 = -0.03379335399185156*x0^0*x1^0*x2^0*x3^0*x4^0*x5^0*x6^0*x7^0 + 1.6485027085389008*x0^1*x1^0*x2^1*x3^1*x4^0*x5^0*x6^1*x7^1 + -1.6943511182112838*x0^1*x1^0*x2^1*x3^1*x4^0*x5^0*x6^1*x7^0 + 0.7093647068653336*x0^0*x1^0*x2^0*x3^0*x4^0*x5^1*x6^0*x7^0;
f7 = 0.0681681920188094*x0^0*x1^0*x2^0*x3^0*x4^0*x5^0*x6^0*x7^0 + 0.0035004243602775667*x0^0*x1^1*x2^2*x3^0*x4^2*x5^0*x6^0*x7^0 + -0.7428266092445683*x0^0*x1^0*x2^0*x3^0*x4^2*x5^0*x6^0*x7^0 + -1.2042226660064455*x0^1*x1^0*x2^1*x3^1*x4^0*x5^1*x6^0*x7^0;
END;